   ao  aq   cc   cs   da   dd  de di   dn  dp   dt fa fc   fd  fe  fg   fh fi  fp   fs fx  fz i nc    np   nu  ot p0   pd  pe pi  pn pp  pr   pt  px rg   rn  sp    un va  vm   vs   w z zm zp zu
ao 258 0    0    0    0    0   0  0    0   0    0  0  0    0   0   0    0  0   0    0  0   0  0 3     0    0   0  0    0   0  0   0  0   0    0   0  2    0   0     0  0   0    0    0 0 0  0  0 
aq 43  5468 1    0    98   0   0  22   7   0    0  0  86   0   15  39   0  0   4    0  0   0  0 418   149  0   0  7    1   0  0   0  0   25   0   0  53   2   146   3  5   300  0    0 0 2  0  0 
cc 0   0    3164 1    0    0   0  0    0   0    0  0  0    0   0   0    0  0   0    0  0   0  0 0     10   0   0  0    0   0  0   0  0   0    0   0  51   0   1     0  0   1    1    0 0 0  0  0 
cs 0   0    23   2004 2    0   0  0    0   0    0  0  2    0   1   1    0  0   0    0  0   0  0 1     3    0   0  1    0   0  0   0  0   264  0   0  6    0   12    7  0   1    0    0 0 0  0  0 
da 2   1    0    0    9025 0   0  0    0   0    0  0  0    0   0   14   0  0   0    0  0   0  0 69    40   5   0  0    0   0  0   1  22  0    0   0  0    0   4     0  0   8    0    1 0 0  0  0 
dd 0   1    0    0    2    576 0  0    0   0    0  0  0    0   0   0    0  0   0    0  0   0  0 0     0    0   0  0    5   0  0   0  0   0    0   0  0    0   0     0  0   0    0    0 0 0  0  0 
de 0   0    0    0    0    0   4  0    0   0    3  0  0    0   0   0    0  0   0    0  0   0  0 0     0    0   0  0    0   0  0   0  0   0    1   0  0    0   0     0  0   0    0    0 0 0  0  0 
di 0   22   0    0    5    0   0  2799 0   0    0  0  0    0   0   0    0  0   0    0  0   0  0 1     0    0   0  0    0   0  48  0  0   1    0   0  1    0   0     0  0   0    0    0 0 0  0  0 
dn 1   0    0    0    4    0   0  28   330 0    0  0  0    0   0   0    0  0   0    0  0   0  0 3     0    2   0  0    0   0  0   2  0   0    0   0  0    0   0     0  0   0    0    0 0 0  0  0 
dp 0   0    0    0    0    0   0  0    0   1094 0  0  0    0   0   0    0  0   0    0  0   0  0 0     0    0   0  0    0   0  0   0  0   0    0   3  0    0   0     0  0   0    0    0 0 0  0  0 
dt 0   0    0    0    2    0   1  0    0   0    16 0  0    0   0   0    0  0   0    0  0   0  0 0     0    0   0  0    0   0  0   0  0   0    1   0  0    0   0     0  0   0    0    0 0 0  0  0 
fa 0   0    0    0    0    0   0  0    0   0    0  52 0    0   0   0    0  0   0    0  0   0  0 0     0    0   0  0    0   0  0   0  0   0    0   0  0    0   0     0  0   0    0    0 0 0  0  0 
fc 0   0    0    0    0    0   0  0    0   0    0  0  5543 0   0   0    0  0   0    0  0   0  0 0     0    0   0  0    0   0  0   0  0   0    0   0  0    0   0     0  0   0    0    0 0 0  0  0 
fd 0   0    0    0    0    0   0  0    0   0    0  0  0    282 0   0    0  0   0    0  0   0  0 0     0    0   0  0    0   0  0   0  0   0    0   0  0    0   0     0  0   0    0    0 0 0  0  0 
fe 0   0    0    0    0    0   0  0    0   0    0  0  0    0   596 0    0  0   0    0  0   0  0 0     0    0   0  0    0   0  0   0  0   0    0   0  0    0   0     0  0   0    0    0 0 0  0  0 
fg 0   0    0    0    0    0   0  0    0   0    0  0  0    0   0   1118 0  0   0    0  0   0  0 0     0    0   0  0    0   0  0   0  0   0    0   0  0    0   0     0  0   0    0    0 0 0  0  0 
fh 0   0    0    0    0    0   0  0    0   0    0  0  0    0   0   0    4  0   0    0  0   0  0 0     0    0   0  0    0   0  0   0  0   0    0   0  0    0   0     0  0   0    0    0 0 0  0  0 
fi 0   0    0    0    0    0   0  0    0   0    0  0  0    0   0   0    0  162 0    0  0   0  0 0     0    0   0  0    0   0  0   0  0   0    0   0  0    0   0     0  0   0    0    0 0 0  0  0 
fp 0   0    0    0    0    0   0  0    0   0    0  0  0    0   0   0    0  0   3996 0  0   0  0 0     0    0   0  0    0   0  0   0  0   0    0   0  0    0   0     3  0   0    0    0 0 0  0  0 
fs 0   0    0    0    0    0   0  0    0   0    0  0  0    0   0   0    0  0   0    42 0   0  0 0     2    0   0  0    0   0  0   0  0   0    0   0  0    0   0     0  0   0    0    0 0 0  0  0 
fx 0   0    0    0    0    0   0  0    0   0    0  0  0    0   0   0    0  0   0    0  114 0  0 0     0    0   0  0    0   0  0   0  0   0    0   0  0    0   0     0  0   0    0    0 0 0  0  0 
fz 0   0    0    1    2    0   0  0    0   0    0  0  0    0   0   0    0  0   0    0  0   7  0 0     0    4   0  0    0   0  0   0  0   0    0   0  0    0   4     0  0   0    0    0 0 0  0  0 
i  0   0    0    0    0    0   0  0    0   0    0  0  0    0   0   0    0  0   0    0  0   0  0 0     0    0   0  0    0   0  0   0  0   0    0   0  0    0   0     0  0   0    0    0 0 0  0  0 
nc 15  344  2    1    168  0   0  1    5   0    0  1  41   0   9   56   0  0   1    0  0   0  0 16033 471  2   0  8    0   0  4   5  3   7    0   0  44   4   69    4  0   176  12   0 0 4  0  0 
np 1   148  1    3    37   0   0  0    0   1    0  2  35   0   40  46   0  0   2    0  0   0  0 470   2328 0   0  40   2   0  0   0  2   48   0   0  23   24  51    0  0   90   1    0 0 0  0  0 
nu 8   4    0    0    49   0   0  0    3   0    0  0  1    0   1   1    0  0   0    0  0   0  0 14    32   258 0  0    0   0  0   0  0   2    0   0  5    0   5     0  4   7    0    0 0 0  0  0 
ot 0   0    0    0    0    0   0  0    0   0    0  0  0    0   0   0    0  0   0    0  0   0  0 0     0    0   0  0    0   0  0   0  0   0    0   0  0    0   0     0  0   0    0    0 0 0  0  0 
p0 0   0    0    0    0    0   0  0    0   0    0  0  0    0   0   0    0  0   0    0  0   0  0 0     0    0   0  1040 0   0  0   0  33  0    0   0  0    0   0     0  0   0    0    0 0 0  0  0 
pd 0   0    0    0    1    4   0  0    0   0    0  0  0    0   1   0    0  0   0    0  0   0  0 0     1    0   0  0    184 0  0   0  0   0    0   0  0    0   0     0  0   0    0    0 0 0  0  0 
pe 0   0    0    0    0    0   0  0    0   0    0  0  0    0   0   0    0  0   0    0  0   0  0 0     0    0   0  0    0   0  0   0  0   0    1   0  0    0   0     0  0   0    0    0 0 0  0  0 
pi 0   7    0    0    1    0   0  30   0   0    0  0  0    0   0   0    0  0   0    0  0   0  0 0     2    0   0  0    0   0  516 0  0   1    0   0  12   0   0     0  0   2    0    0 0 0  0  0 
pn 0   0    0    0    0    0   0  0    9   0    0  0  0    0   1   0    0  0   0    0  0   0  0 0     0    0   0  0    0   0  1   73 0   0    0   0  0    0   0     0  0   0    0    0 0 0  0  0 
pp 0   0    0    0    34   0   0  0    0   0    0  0  0    0   0   0    0  0   0    0  0   0  0 3     1    0   0  61   0   0  0   0  996 0    0   0  16   0   0     0  0   0    0    0 0 0  0  0 
pr 0   0    0    117  0    0   0  0    0   0    0  0  0    0   0   0    0  0   0    0  0   0  0 0     0    0   0  0    0   0  5   0  0   1537 0   0  1    0   0     1  0   0    0    0 0 0  0  0 
pt 0   0    0    0    0    0   2  0    0   0    4  0  0    0   0   0    0  0   0    0  0   0  0 0     0    0   0  1    0   0  0   0  0   1    124 0  0    0   0     0  0   0    0    0 0 0  0  0 
px 0   0    0    0    1    0   0  0    0   0    0  0  0    0   0   0    0  0   0    0  0   0  0 0     3    0   0  0    0   0  0   0  0   0    0   13 0    0   0     0  0   3    0    0 0 0  0  0 
rg 1   51   22   6    25   0   0  3    2   0    0  0  1    0   7   6    0  0   0    0  0   0  0 32    68   0   0  4    0   0  10  0  4   2    0   0  3158 25  65    0  0   43   0    0 0 0  0  0 
rn 0   0    3    0    1    0   0  0    0   0    0  0  0    0   0   0    0  0   0    0  0   0  0 0     0    0   0  0    0   0  0   0  0   0    0   0  3    799 0     0  0   0    0    0 0 0  0  0 
sp 0   1    4    54   13   0   0  0    0   0    0  0  1    0   1   0    0  0   0    0  0   0  0 3     4    0   0  0    0   0  0   0  0   1    0   0  16   0   13542 0  0   5    0    0 0 0  0  0 
un 0   5    0    2    0    0   0  0    0   0    0  0  0    0   16  5    0  0   2    0  0   1  0 6     14   0   0  0    0   0  0   0  0   0    1   0  2    0   1     12 0   2    0    0 0 0  0  0 
va 0   0    0    0    0    0   0  0    0   0    0  0  0    0   0   0    0  0   0    0  0   0  0 2     1    0   0  1    0   0  0   0  0   0    0   0  1    0   0     0  847 1    0    0 0 0  0  0 
vm 0   195  2    4    86   0   0  0    0   0    0  0  31   0   17  23   0  2   1    0  0   0  0 198   120  0   0  8    0   0  0   0  1   8    0   0  57   7   339   1  7   8271 10   0 0 0  0  0 
vs 0   0    0    0    2    0   0  0    0   0    0  0  0    0   0   0    0  0   0    0  0   0  0 2     1    0   0  0    0   0  0   0  0   0    0   0  3    0   1     0  0   3    1421 0 0 0  0  0 
w  0   0    0    0    0    0   0  0    0   0    0  0  0    0   0   0    0  0   0    0  0   0  0 0     0    0   0  0    0   0  0   0  0   0    0   0  0    0   0     0  0   0    0    0 0 0  0  0 
z  0   0    0    0    0    0   0  0    0   0    0  0  0    0   0   0    0  0   0    0  0   0  0 0     0    0   0  0    0   0  0   0  0   0    0   0  0    0   0     0  0   0    0    0 0 0  0  0 
zm 0   1    0    0    0    0   0  0    0   0    0  0  1    0   0   0    0  0   0    0  0   0  0 2     0    0   0  0    0   0  0   0  0   0    0   0  0    0   0     0  0   0    0    0 0 55 0  0 
zp 0   0    0    0    0    0   0  0    0   0    0  0  0    0   0   0    0  0   0    0  0   0  0 46    9    0   0  0    0   0  0   0  0   0    0   0  0    0   1     0  0   0    0    0 0 0  26 0 
zu 0   0    0    0    0    0   0  0    0   0    0  0  0    0   0   0    0  0   0    0  0   0  0 0     0    0   0  0    0   0  0   0  0   0    0   0  0    0   0     0  0   0    0    0 0 0  0  0 