   ao aq   cc   cs   da   dd de di   dn dp  dt fa fc   fd fe  fg fh fi fp   fs fx fz i nc    np   nu ot p0  pd pe pi pn pp pr   pt px rg   rn sp    un va vm   vs w z zm zp zu
ao 0  17   1    0    19   0  0  0    0  0   0  0  0    0  0   0  0  0  2    0  0  0  0 209   5    0  0  0   0  0  0  0  0  0    0  0  0    0  6     0  0  4    0  0 0 0  0  0 
aq 0  3281 34   16   484  0  0  13   0  0   0  0  77   0  0   0  0  0  61   0  0  0  0 1261  51   0  0  0   0  0  0  0  0  9    0  0  24   0  1314  0  0  269  0  0 0 0  0  0 
cc 0  23   2335 0    350  0  0  3    0  0   0  0  4    0  0   0  0  0  1    0  0  0  0 233   128  0  0  0   0  0  0  0  0  0    0  0  46   0  75    0  0  31   0  0 0 0  0  0 
cs 0  33   37   1193 228  0  0  0    0  0   0  0  27   0  0   0  0  0  13   0  0  0  0 130   20   0  0  0   0  0  0  0  0  379  0  0  1    0  232   0  0  35   0  0 0 0  0  0 
da 0  29   0    0    8924 0  0  0    0  0   0  0  15   0  0   0  0  0  11   0  0  0  0 142   20   10 0  0   0  0  0  0  0  0    0  0  0    0  41    0  0  0    0  0 0 0  0  0 
dd 0  16   1    8    276  0  0  1    0  0   0  0  2    0  0   0  0  0  2    0  0  0  0 121   41   0  0  0   0  0  0  0  0  3    0  0  2    0  49    0  0  62   0  0 0 0  0  0 
de 0  0    0    0    3    0  0  0    0  0   0  0  0    0  0   0  0  0  0    0  0  0  0 0     1    0  0  0   0  0  0  0  0  0    0  0  0    0  2     0  0  2    0  0 0 0  0  0 
di 0  134  3    0    208  0  0  1852 0  0   0  0  17   0  0   0  0  0  14   0  0  0  0 359   32   0  0  0   0  0  0  0  0  5    0  0  13   0  170   0  0  70   0  0 0 0  0  0 
dn 0  32   0    0    85   0  0  29   0  0   0  0  3    0  0   0  0  0  1    0  0  0  0 122   43   0  0  0   0  0  0  0  0  0    0  0  5    0  36    0  0  14   0  0 0 0  0  0 
dp 0  34   6    2    451  0  0  1    0  239 0  0  8    0  0   0  0  0  1    0  0  0  0 169   19   0  0  0   0  0  0  0  0  6    0  0  0    0  88    0  0  73   0  0 0 0  0  0 
dt 0  2    0    0    8    0  0  0    0  0   0  0  1    0  0   0  0  0  0    0  0  0  0 2     3    0  0  0   0  0  0  0  0  0    0  0  0    0  4     0  0  0    0  0 0 0  0  0 
fa 0  5    0    0    11   0  0  0    0  0   0  0  2    0  0   0  0  0  1    0  0  0  0 12    3    0  0  0   0  0  0  0  0  0    0  0  1    0  13    0  0  4    0  0 0 0  0  0 
fc 0  0    0    0    35   0  0  0    0  0   0  0  5451 0  0   0  0  0  0    0  0  0  0 28    0    0  0  0   0  0  0  0  0  0    0  0  0    0  4     0  0  25   0  0 0 0  0  0 
fd 0  75   0    5    18   0  0  3    0  0   0  0  15   0  0   0  0  0  3    0  0  0  0 33    2    0  0  0   0  0  0  0  0  1    0  0  0    0  119   0  0  8    0  0 0 0  0  0 
fe 0  8    0    0    29   0  0  0    0  0   0  0  9    0  423 0  0  0  35   0  0  0  0 68    2    0  0  0   0  0  0  0  0  0    0  0  0    0  3     0  0  19   0  0 0 0  0  0 
fg 0  129  8    8    326  0  0  1    0  0   0  0  43   0  0   0  0  0  22   0  0  0  0 268   31   0  0  0   0  0  0  0  0  2    0  0  3    0  234   0  0  43   0  0 0 0  0  0 
fh 0  0    0    0    1    0  0  0    0  0   0  0  0    0  0   0  0  0  0    0  0  0  0 1     0    0  0  0   0  0  0  0  0  0    0  0  0    0  2     0  0  0    0  0 0 0  0  0 
fi 0  27   3    2    31   0  0  0    0  0   0  0  19   0  0   0  0  0  6    0  0  0  0 21    2    0  0  0   0  0  0  0  0  0    0  0  1    0  40    0  0  10   0  0 0 0  0  0 
fp 0  1    2    3    173  0  0  0    0  0   0  0  0    0  0   0  0  0  3687 0  0  0  0 85    6    0  0  0   0  0  0  0  0  0    0  0  0    0  14    0  0  28   0  0 0 0  0  0 
fs 0  10   0    0    2    0  0  0    0  0   0  0  5    0  0   0  0  0  0    0  0  0  0 5     0    0  0  0   0  0  0  0  0  0    0  0  0    0  16    0  0  6    0  0 0 0  0  0 
fx 0  27   0    1    4    0  0  0    0  0   0  0  9    0  0   0  0  0  6    0  0  0  0 21    0    0  0  0   0  0  0  0  0  0    0  0  0    0  41    0  0  5    0  0 0 0  0  0 
fz 0  1    0    0    9    0  0  0    0  0   0  0  2    0  0   0  0  0  0    0  0  0  0 1     0    0  0  0   0  0  0  0  0  0    0  0  0    0  5     0  0  0    0  0 0 0  0  0 
i  0  0    0    0    0    0  0  0    0  0   0  0  0    0  0   0  0  0  0    0  0  0  0 0     0    0  0  0   0  0  0  0  0  0    0  0  0    0  0     0  0  0    0  0 0 0  0  0 
nc 0  781  15   27   786  0  0  15   0  0   0  0  135  0  0   0  0  0  74   0  0  0  0 14198 192  0  0  0   0  0  0  0  0  9    0  0  12   0  969   0  0  277  0  0 0 0  0  0 
np 0  11   1    2    558  0  0  0    0  0   0  0  2    0  0   0  0  0  3    0  0  0  0 419   2009 0  0  0   0  0  0  0  0  0    0  0  2    0  310   0  0  78   0  0 0 0  0  0 
nu 0  19   0    0    180  0  0  0    0  0   0  0  4    0  0   0  0  0  9    0  0  0  0 84    23   26 0  0   0  0  0  0  0  1    0  0  0    0  36    0  0  12   0  0 0 0  0  0 
ot 0  0    0    0    0    0  0  0    0  0   0  0  0    0  0   0  0  0  0    0  0  0  0 0     0    0  0  0   0  0  0  0  0  0    0  0  0    0  0     0  0  0    0  0 0 0  0  0 
p0 0  108  14   4    100  0  0  0    0  0   0  0  42   0  0   0  0  0  13   0  0  0  0 110   15   0  0  377 0  0  0  0  0  8    0  0  2    0  194   0  0  86   0  0 0 0  0  0 
pd 0  5    4    1    59   0  0  1    0  0   0  0  7    0  0   0  0  0  0    0  0  0  0 30    37   0  0  0   0  0  0  0  0  1    0  0  0    0  23    0  0  23   0  0 0 0  0  0 
pe 0  0    0    0    0    0  0  0    0  0   0  0  0    0  0   0  0  0  0    0  0  0  0 0     0    0  0  0   0  0  0  0  0  0    0  0  0    0  1     0  0  0    0  0 0 0  0  0 
pi 0  35   11   3    156  0  0  117  0  0   0  0  10   0  0   0  0  0  1    0  0  0  0 101   11   0  0  0   0  0  0  0  0  4    0  0  15   0  57    0  0  50   0  0 0 0  0  0 
pn 0  11   0    1    21   0  0  0    0  0   0  0  3    0  0   0  0  0  0    0  0  0  0 27    6    0  0  0   0  0  0  0  0  0    0  0  0    0  9     0  0  6    0  0 0 0  0  0 
pp 0  76   10   5    435  0  0  0    0  0   0  0  47   0  0   0  0  0  6    0  0  0  0 101   50   0  0  22  0  0  0  0  0  0    0  0  0    0  138   0  0  221  0  0 0 0  0  0 
pr 0  7    0    86   52   0  0  1    0  0   0  0  19   0  0   0  0  0  10   0  0  0  0 103   6    0  0  0   0  0  0  0  0  1359 0  0  1    0  9     0  0  8    0  0 0 0  0  0 
pt 0  2    1    5    48   0  0  0    0  0   0  0  9    0  0   0  0  0  1    0  0  0  0 18    20   0  0  0   0  0  0  0  0  1    0  0  0    0  18    0  0  9    0  0 0 0  0  0 
px 0  0    0    0    12   0  0  0    0  0   0  0  0    0  0   0  0  0  0    0  0  0  0 4     0    0  0  0   0  0  0  0  0  0    0  0  0    0  1     0  0  3    0  0 0 0  0  0 
rg 0  346  35   4    624  0  0  8    0  0   0  0  60   0  0   0  0  0  23   0  0  0  0 362   54   0  0  0   0  0  0  0  0  14   0  0  1179 0  581   0  0  245  0  0 0 0  0  0 
rn 0  68   5    0    135  0  0  0    0  0   0  0  38   0  0   0  0  0  8    0  0  0  0 104   32   0  0  0   0  0  0  0  0  5    0  0  77   22 169   0  0  143  0  0 0 0  0  0 
sp 0  4    2    29   548  0  0  0    0  0   0  0  29   0  0   0  0  0  35   0  0  0  0 202   52   0  0  0   0  0  0  0  0  0    0  0  1    0  12692 0  0  51   0  0 0 0  0  0 
un 0  3    0    0    11   0  0  0    0  0   0  0  1    0  15  0  0  0  4    0  0  0  0 4     7    0  0  0   0  0  0  0  0  2    0  0  1    0  14    0  0  7    0  0 0 0  0  0 
va 0  77   3    3    90   0  0  0    0  0   0  0  35   0  0   0  0  0  10   0  0  0  0 104   19   0  0  0   0  0  0  0  0  2    0  0  0    0  131   0  18 361  0  0 0 0  0  0 
vm 0  447  0    9    1169 0  0  9    0  0   0  0  181  0  0   0  0  0  63   0  0  0  0 939   88   0  0  0   0  0  0  0  0  14   0  0  9    0  1155  0  0  5305 0  0 0 0  0  0 
vs 0  168  11   11   180  0  0  2    0  0   0  0  70   0  0   0  0  0  9    0  0  0  0 176   32   0  0  0   0  0  0  0  0  1    0  0  6    0  345   0  0  349  73 0 0 0  0  0 
w  0  0    0    0    0    0  0  0    0  0   0  0  0    0  0   0  0  0  0    0  0  0  0 0     0    0  0  0   0  0  0  0  0  0    0  0  0    0  0     0  0  0    0  0 0 0  0  0 
z  0  0    0    0    0    0  0  0    0  0   0  0  0    0  0   0  0  0  0    0  0  0  0 0     0    0  0  0   0  0  0  0  0  0    0  0  0    0  0     0  0  0    0  0 0 0  0  0 
zm 0  7    0    2    2    0  0  0    0  0   0  0  0    0  0   0  0  0  2    0  0  0  0 37    6    0  0  0   0  0  0  0  0  0    0  0  0    0  3     0  0  0    0  0 0 0  0  0 
zp 0  1    0    0    1    0  0  0    0  0   0  0  0    0  0   0  0  0  0    0  0  0  0 71    8    0  0  0   0  0  0  0  0  0    0  0  0    0  1     0  0  0    0  0 0 0  0  0 
zu 0  0    0    0    0    0  0  0    0  0   0  0  0    0  0   0  0  0  0    0  0  0  0 0     0    0  0  0   0  0  0  0  0  0    0  0  0    0  0     0  0  0    0  0 0 0  0  0 