   ao  aq   cc   cs   da   dd  de di   dn  dp   dt fa fc   fd  fe  fg   fh fi  fp   fs fx  fz i nc    np   nu  ot p0   pd  pe pi  pn pp  pr   pt  px rg   rn  sp    un va  vm   vs   w z zm zp zu
ao 261 0    0    0    0    0   0  0    0   0    0  0  0    0   0   0    0  0   0    0  0   0  0 1     0    0   0  0    0   0  0   0  0   0    0   0  1    0   0     0  0   0    0    0 0 0  0  0 
aq 0   5897 0    0    0    1   0  23   4   0    0  0  0    0   0   0    0  0   0    0  0   0  0 579   32   0   0  0    0   0  0   0  0   1    0   0  8    0   5     1  0   343  0    0 0 0  0  0 
cc 0   4    3165 1    0    0   0  0    0   0    0  0  0    0   0   0    0  0   0    0  0   0  0 3     1    0   0  0    0   0  0   0  0   0    0   0  47   0   1     0  0   6    1    0 0 0  0  0 
cs 0   4    20   2056 0    0   0  0    0   0    0  0  0    0   0   0    0  0   0    0  0   0  0 8     0    0   0  0    0   0  0   0  0   198  0   0  4    0   19    0  0   19   0    0 0 0  0  0 
da 0   0    0    0    9016 0   0  0    1   0    0  0  0    0   0   0    0  0   0    0  0   0  0 87    4    56  0  0    0   0  0   0  27  0    0   0  0    0   0     0  0   0    0    1 0 0  0  0 
dd 0   1    0    0    0    576 0  0    0   0    0  0  0    0   0   0    0  0   0    0  0   0  0 0     1    0   0  0    6   0  0   0  0   0    0   0  0    0   0     0  0   0    0    0 0 0  0  0 
de 0   0    0    0    0    0   3  0    0   0    3  0  0    0   0   0    0  0   0    0  0   0  0 0     0    0   0  0    0   0  0   0  0   0    2   0  0    0   0     0  0   0    0    0 0 0  0  0 
di 0   31   0    0    0    0   0  2779 0   0    0  0  0    0   0   0    0  0   0    0  0   0  0 5     1    0   0  0    0   0  35  0  0   0    0   0  24   0   0     0  0   2    0    0 0 0  0  0 
dn 0   0    0    0    0    0   0  28   327 0    0  0  0    0   0   0    0  0   0    0  0   0  0 3     2    2   0  0    0   0  0   7  0   0    0   0  0    0   0     0  0   1    0    0 0 0  0  0 
dp 0   0    0    0    0    0   0  0    0   1097 0  0  0    0   0   0    0  0   0    0  0   0  0 0     0    0   0  0    0   0  0   0  0   0    0   0  0    0   0     0  0   0    0    0 0 0  0  0 
dt 0   0    0    0    0    0   0  0    0   0    9  0  0    0   0   0    0  0   0    0  0   0  0 1     0    0   0  0    0   0  0   0  0   0    9   0  0    0   0     0  0   1    0    0 0 0  0  0 
fa 0   0    0    0    0    0   0  0    0   0    0  52 0    0   0   0    0  0   0    0  0   0  0 0     0    0   0  0    0   0  0   0  0   0    0   0  0    0   0     0  0   0    0    0 0 0  0  0 
fc 0   0    0    0    0    0   0  0    0   0    0  0  5543 0   0   0    0  0   0    0  0   0  0 0     0    0   0  0    0   0  0   0  0   0    0   0  0    0   0     0  0   0    0    0 0 0  0  0 
fd 0   0    0    0    0    0   0  0    0   0    0  0  0    282 0   0    0  0   0    0  0   0  0 0     0    0   0  0    0   0  0   0  0   0    0   0  0    0   0     0  0   0    0    0 0 0  0  0 
fe 0   0    0    0    0    0   0  0    0   0    0  0  0    0   596 0    0  0   0    0  0   0  0 0     0    0   0  0    0   0  0   0  0   0    0   0  0    0   0     0  0   0    0    0 0 0  0  0 
fg 0   0    0    0    0    0   0  0    0   0    0  0  0    0   0   1118 0  0   0    0  0   0  0 0     0    0   0  0    0   0  0   0  0   0    0   0  0    0   0     0  0   0    0    0 0 0  0  0 
fh 0   0    0    0    0    0   0  0    0   0    0  0  0    0   0   0    4  0   0    0  0   0  0 0     0    0   0  0    0   0  0   0  0   0    0   0  0    0   0     0  0   0    0    0 0 0  0  0 
fi 0   0    0    0    0    0   0  0    0   0    0  0  0    0   0   0    0  162 0    0  0   0  0 0     0    0   0  0    0   0  0   0  0   0    0   0  0    0   0     0  0   0    0    0 0 0  0  0 
fp 0   0    0    0    0    0   0  0    0   0    0  0  0    0   0   0    0  0   3999 0  0   0  0 0     0    0   0  0    0   0  0   0  0   0    0   0  0    0   0     0  0   0    0    0 0 0  0  0 
fs 0   0    0    0    0    0   0  0    0   0    0  0  0    0   0   0    0  0   0    42 0   0  0 0     0    0   0  0    0   0  0   0  0   0    0   0  0    0   0     0  0   2    0    0 0 0  0  0 
fx 0   0    0    0    0    0   0  0    0   0    0  0  0    0   0   0    0  0   0    0  114 0  0 0     0    0   0  0    0   0  0   0  0   0    0   0  0    0   0     0  0   0    0    0 0 0  0  0 
fz 0   1    0    0    0    0   0  0    0   0    0  0  0    0   0   0    0  0   0    0  0   7  0 4     0    4   0  0    0   0  0   0  0   0    0   0  0    0   2     0  0   0    0    0 0 0  0  0 
i  0   0    0    0    0    0   0  0    0   0    0  0  0    0   0   0    0  0   0    0  0   0  0 0     0    0   0  0    0   0  0   0  0   0    0   0  0    0   0     0  0   0    0    0 0 0  0  0 
nc 12  489  1    0    1    2   0  4    7   0    0  0  0    0   0   0    0  0   0    0  0   0  0 16542 106  4   0  0    0   0  2   4  2   0    0   0  12   0   10    1  0   275  14   0 0 2  0  0 
np 0   19   1    0    0    1   0  0    0   0    0  0  0    0   0   0    0  0   0    0  0   0  0 242   3066 0   0  0    1   0  0   0  1   0    0   0  0    0   3     0  0   61   0    0 0 0  0  0 
nu 0   6    0    0    0    0   0  0    3   0    0  0  0    0   0   0    0  0   0    0  0   0  0 91    3    265 0  0    0   0  0   0  0   0    0   0  0    0   0     0  0   26   0    0 0 0  0  0 
ot 0   0    0    0    0    0   0  0    0   0    0  0  0    0   0   0    0  0   0    0  0   0  0 0     0    0   0  0    0   0  0   0  0   0    0   0  0    0   0     0  0   0    0    0 0 0  0  0 
p0 0   0    0    0    0    0   0  0    0   0    0  0  0    0   0   0    0  0   0    0  0   0  0 0     0    0   0  1039 0   0  0   0  34  0    0   0  0    0   0     0  0   0    0    0 0 0  0  0 
pd 0   0    0    0    0    16  0  0    0   0    0  0  0    0   0   0    0  0   0    0  0   0  0 3     0    0   0  0    172 0  0   0  0   0    0   0  0    0   0     0  0   0    0    0 0 0  0  0 
pe 0   0    0    0    0    0   0  0    0   0    1  0  0    0   0   0    0  0   0    0  0   0  0 0     0    0   0  0    0   0  0   0  0   0    0   0  0    0   0     0  0   0    0    0 0 0  0  0 
pi 0   4    0    0    0    0   0  245  0   0    0  0  0    0   0   0    0  0   0    0  0   0  0 2     0    0   0  0    0   0  307 0  0   1    0   0  12   0   0     0  0   0    0    0 0 0  0  0 
pn 0   0    0    0    0    0   0  0    49  0    0  0  0    0   0   0    0  0   0    0  0   0  0 0     0    0   0  0    0   0  1   33 0   0    0   0  0    0   0     0  0   1    0    0 0 0  0  0 
pp 0   1    0    0    156  0   0  0    0   0    0  0  0    0   0   0    0  0   0    0  0   0  0 2     0    0   0  60   0   0  0   0  869 0    0   0  23   0   0     0  0   0    0    0 0 0  0  0 
pr 0   0    0    72   0    0   0  0    0   0    0  0  0    0   0   0    0  0   0    0  0   0  0 0     0    0   0  0    0   0  0   0  0   1585 0   0  3    0   0     1  0   0    0    0 0 0  0  0 
pt 0   0    0    0    0    0   0  0    0   0    14 0  0    0   0   0    0  0   0    0  0   0  0 0     0    0   0  0    0   0  0   0  0   1    116 0  0    0   0     0  0   1    0    0 0 0  0  0 
px 0   0    0    0    0    0   0  0    0   3    0  0  0    0   0   0    0  0   0    0  0   0  0 4     0    0   0  0    0   0  0   0  0   0    0   9  0    0   0     0  0   4    0    0 0 0  0  0 
rg 0   95   21   12   0    0   0  3    2   0    0  0  0    0   0   0    0  0   0    0  0   0  0 78    3    0   0  0    0   0  16  0  0   1    0   0  3164 23  17    0  0   99   1    0 0 0  0  0 
rn 0   0    3    0    0    0   0  0    0   0    0  0  0    0   0   0    0  0   0    0  0   0  0 0     0    0   0  0    0   0  0   0  0   0    0   0  3    799 0     0  0   1    0    0 0 0  0  0 
sp 0   8    0    54   0    0   0  0    0   0    0  0  0    0   0   0    0  0   0    0  0   0  0 10    0    0   0  0    0   0  0   0  0   0    0   0  4    0   13556 0  0   13   0    0 0 0  0  0 
un 0   12   0    2    0    0   0  0    0   0    0  0  0    0   16  1    0  0   2    0  0   1  0 10    9    0   0  0    0   0  0   0  0   0    1   0  2    0   1     5  0   7    0    0 0 0  0  0 
va 0   1    0    0    0    0   0  0    0   0    0  0  0    0   0   0    0  0   0    0  0   0  0 0     0    0   0  0    0   0  0   0  0   0    0   0  0    0   0     0  846 6    0    0 0 0  0  0 
vm 0   356  0    0    0    0   0  0    0   0    0  0  0    0   0   0    0  0   0    0  0   0  0 348   112  0   0  0    0   0  0   0  0   0    0   0  0    0   1     0  1   8562 8    0 0 0  0  0 
vs 0   0    0    0    0    0   0  0    0   0    0  0  0    0   0   0    0  0   0    0  0   0  0 5     2    0   0  0    0   0  0   0  0   0    0   0  5    0   0     0  0   3    1418 0 0 0  0  0 
w  0   0    0    0    0    0   0  0    0   0    0  0  0    0   0   0    0  0   0    0  0   0  0 0     0    0   0  0    0   0  0   0  0   0    0   0  0    0   0     0  0   0    0    0 0 0  0  0 
z  0   0    0    0    0    0   0  0    0   0    0  0  0    0   0   0    0  0   0    0  0   0  0 0     0    0   0  0    0   0  0   0  0   0    0   0  0    0   0     0  0   0    0    0 0 0  0  0 
zm 0   0    0    0    0    0   0  0    0   0    0  0  0    0   0   0    0  0   0    0  0   0  0 3     1    0   0  0    0   0  0   0  0   0    0   0  0    0   0     0  0   0    0    0 0 55 0  0 
zp 0   1    0    0    0    0   0  0    0   0    0  0  0    0   0   0    0  0   0    0  0   0  0 55    0    0   0  0    0   0  0   0  0   0    0   0  0    0   0     0  0   0    0    0 0 0  26 0 
zu 0   0    0    0    0    0   0  0    0   0    0  0  0    0   0   0    0  0   0    0  0   0  0 0     0    0   0  0    0   0  0   0  0   0    0   0  0    0   0     0  0   0    0    0 0 0  0  0 