   ao aq   cc   cs   da   dd de di   dn dp  dt fa fc   fd fe  fg fh fi fp   fs fx fz i nc    np   nu ot p0  pd pe pi pn pp pr   pt px rg   rn  sp    un va  vm   vs  w z zm zp zu
ao 0  4    0    0    22   0  0  0    0  0   0  0  2    0  0   0  0  0  0    0  0  0  0 219   5    0  0  0   0  0  0  0  0  0    0  0  0    0   7     0  0   4    0   0 0 0  0  0 
aq 0  3495 0    2    394  0  0  7    0  0   0  0  87   0  0   0  0  0  4    0  0  0  0 1113  17   0  0  0   0  0  0  0  0  0    0  0  1    0   1396  0  0   378  0   0 0 0  0  0 
cc 0  3    2566 2    407  0  0  0    0  0   0  0  3    0  0   0  0  0  0    0  0  0  0 57    110  0  0  0   0  0  0  0  0  0    0  0  49   0   20    0  0   11   1   0 0 0  0  0 
cs 0  4    22   1634 171  0  0  0    0  0   0  0  11   0  0   0  0  0  1    0  0  0  0 41    10   0  0  0   0  0  0  0  0  273  0  0  0    0   121   0  0   40   0   0 0 0  0  0 
da 0  0    0    0    9053 0  0  0    0  0   0  0  0    0  0   0  0  0  0    0  0  0  0 127   4    1  0  0   0  0  0  0  0  0    0  0  0    0   7     0  0   0    0   0 0 0  0  0 
dd 0  10   0    2    300  0  0  0    0  0   0  0  6    0  0   0  0  0  0    0  0  0  0 106   26   0  0  0   0  0  0  0  0  0    0  0  1    0   60    0  0   73   0   0 0 0  0  0 
de 0  0    0    0    3    0  0  0    0  0   0  0  0    0  0   0  0  0  0    0  0  0  0 0     0    0  0  0   0  0  0  0  0  0    0  0  0    0   2     0  0   3    0   0 0 0  0  0 
di 0  59   0    0    152  0  0  2371 0  0   0  0  9    0  0   0  0  0  0    0  0  0  0 174   6    0  0  0   0  0  0  0  0  0    0  0  15   0   41    0  0   50   0   0 0 0  0  0 
dn 0  12   0    0    76   0  0  33   0  0   0  0  2    0  0   0  0  0  0    0  0  0  0 132   52   0  0  0   0  0  0  0  0  0    0  0  0    0   40    0  0   23   0   0 0 0  0  0 
dp 0  4    0    0    130  0  0  0    0  781 0  0  10   0  0   0  0  0  0    0  0  0  0 49    1    0  0  0   0  0  0  0  0  0    0  0  0    0   51    0  0   71   0   0 0 0  0  0 
dt 0  0    0    1    10   0  0  0    0  0   0  0  0    0  0   0  0  0  0    0  0  0  0 1     3    0  0  0   0  0  0  0  0  0    0  0  0    0   3     0  0   2    0   0 0 0  0  0 
fa 0  2    0    0    11   0  0  0    0  0   0  0  5    0  0   0  0  0  0    0  0  0  0 8     1    0  0  0   0  0  0  0  0  0    0  0  0    0   18    0  0   7    0   0 0 0  0  0 
fc 0  0    0    0    5    0  0  0    0  0   0  0  5533 0  0   0  0  0  0    0  0  0  0 4     0    0  0  0   0  0  0  0  0  0    0  0  0    0   0     0  0   1    0   0 0 0  0  0 
fd 0  27   0    0    29   0  0  0    0  0   0  0  21   0  0   0  0  0  0    0  0  0  0 25    0    0  0  0   0  0  0  0  0  0    0  0  0    0   178   0  0   2    0   0 0 0  0  0 
fe 0  0    0    0    8    0  0  0    0  0   0  0  0    0  545 0  0  0  0    0  0  0  0 43    0    0  0  0   0  0  0  0  0  0    0  0  0    0   0     0  0   0    0   0 0 0  0  0 
fg 0  44   2    3    388  0  0  0    0  0   0  0  49   0  0   11 0  0  15   0  0  0  0 246   12   0  0  0   0  0  0  0  0  0    0  0  0    0   282   0  0   66   0   0 0 0  0  0 
fh 0  0    0    0    0    0  0  0    0  0   0  0  0    0  0   0  0  0  0    0  0  0  0 1     0    0  0  0   0  0  0  0  0  0    0  0  0    0   3     0  0   0    0   0 0 0  0  0 
fi 0  4    0    2    32   0  0  0    0  0   0  0  18   0  0   0  0  0  3    0  0  0  0 30    0    0  0  0   0  0  0  0  0  0    0  0  0    0   60    0  0   13   0   0 0 0  0  0 
fp 0  0    0    0    76   0  0  0    0  0   0  0  0    0  0   0  0  0  3887 0  0  0  0 22    2    0  0  0   0  0  0  0  0  0    0  0  0    0   0     0  0   12   0   0 0 0  0  0 
fs 0  2    0    0    8    0  0  0    0  0   0  0  6    0  0   0  0  0  0    0  0  0  0 5     0    0  0  0   0  0  0  0  0  0    0  0  0    0   18    0  0   5    0   0 0 0  0  0 
fx 0  5    0    0    14   0  0  0    0  0   0  0  21   0  0   0  0  0  0    0  0  0  0 15    0    0  0  0   0  0  0  0  0  0    0  0  0    0   57    0  0   2    0   0 0 0  0  0 
fz 0  0    0    0    9    0  0  0    0  0   0  0  2    0  0   0  0  0  0    0  0  0  0 0     3    0  0  0   0  0  0  0  0  0    0  0  0    0   4     0  0   0    0   0 0 0  0  0 
i  0  0    0    0    0    0  0  0    0  0   0  0  0    0  0   0  0  0  0    0  0  0  0 0     0    0  0  0   0  0  0  0  0  0    0  0  0    0   0     0  0   0    0   0 0 0  0  0 
nc 0  200  0    1    724  0  0  2    0  0   0  0  51   0  0   0  0  0  1    0  0  0  0 15011 123  0  0  0   0  0  0  0  0  0    0  0  2    0   1087  0  0   287  1   0 0 0  0  0 
np 0  2    1    0    536  0  0  0    0  0   0  0  12   0  0   0  0  0  0    0  0  0  0 332   2183 0  0  0   0  0  0  0  0  0    0  0  0    0   288   0  0   41   0   0 0 0  0  0 
nu 0  4    0    1    219  0  0  0    0  0   0  0  4    0  0   0  0  0  1    0  0  0  0 49    20   58 0  0   0  0  0  0  0  0    0  0  0    0   26    0  0   12   0   0 0 0  0  0 
ot 0  0    0    0    0    0  0  0    0  0   0  0  0    0  0   0  0  0  0    0  0  0  0 0     0    0  0  0   0  0  0  0  0  0    0  0  0    0   0     0  0   0    0   0 0 0  0  0 
p0 0  6    0    0    87   0  0  0    0  0   0  0  7    0  0   0  0  0  1    0  0  0  0 48    7    0  0  809 0  0  0  0  0  0    0  0  0    0   48    0  0   60   0   0 0 0  0  0 
pd 0  2    0    0    81   0  0  0    0  0   0  0  7    0  0   0  0  0  0    0  0  0  0 19    29   0  0  0   0  0  0  0  0  0    0  0  0    0   12    0  0   41   0   0 0 0  0  0 
pe 0  0    0    0    1    0  0  0    0  0   0  0  0    0  0   0  0  0  0    0  0  0  0 0     0    0  0  0   0  0  0  0  0  0    0  0  0    0   0     0  0   0    0   0 0 0  0  0 
pi 0  25   0    1    126  0  0  168  0  0   0  0  13   0  0   0  0  0  2    0  0  0  0 79    5    0  0  0   0  0  0  0  0  1    0  0  33   0   30    0  0   88   0   0 0 0  0  0 
pn 0  2    0    0    23   0  0  0    0  0   0  0  0    0  0   0  0  0  0    0  0  0  0 36    7    0  0  0   0  0  0  0  0  0    0  0  0    0   10    0  0   6    0   0 0 0  0  0 
pp 0  12   0    2    484  0  0  0    0  0   0  0  50   0  0   0  0  0  0    0  0  0  0 58    22   0  0  50  0  0  0  0  1  0    0  0  0    0   110   0  0   322  0   0 0 0  0  0 
pr 0  3    0    229  38   0  0  0    0  0   0  0  6    0  0   0  0  0  0    0  0  0  0 32    1    0  0  0   0  0  0  0  0  1340 0  0  0    0   7     0  0   5    0   0 0 0  0  0 
pt 0  0    0    5    58   0  0  0    0  0   0  0  5    0  0   0  0  0  0    0  0  0  0 3     16   0  0  0   0  0  0  0  0  0    0  0  0    0   23    0  0   22   0   0 0 0  0  0 
px 0  0    0    0    13   0  0  0    0  0   0  0  0    0  0   0  0  0  0    0  0  0  0 1     0    0  0  0   0  0  0  0  0  0    0  0  0    0   0     0  0   6    0   0 0 0  0  0 
rg 0  133  12   5    449  0  0  1    0  0   0  0  66   0  0   0  0  0  2    0  0  0  0 263   13   0  0  0   0  0  0  0  0  0    0  0  1959 4   413   0  0   215  0   0 0 0  0  0 
rn 0  17   0    0    92   0  0  0    0  0   0  0  29   0  0   0  0  0  1    0  0  0  0 106   18   0  0  0   0  0  0  0  0  0    0  0  41   256 112   0  0   134  0   0 0 0  0  0 
sp 0  1    0    35   211  0  0  0    0  0   0  0  3    0  0   0  0  0  1    0  0  0  0 39    49   0  0  0   0  0  0  0  0  0    0  0  1    0   13296 0  0   9    0   0 0 0  0  0 
un 0  1    0    2    11   0  0  0    0  0   0  0  1    0  16  0  0  0  2    0  0  0  0 6     10   0  0  0   0  0  0  0  0  0    0  0  0    0   16    0  0   4    0   0 0 0  0  0 
va 0  33   0    0    64   0  0  0    0  0   0  0  30   0  0   0  0  0  2    0  0  0  0 59    7    0  0  0   0  0  0  0  0  0    0  0  0    0   106   0  280 272  0   0 0 0  0  0 
vm 0  173  0    1    758  0  0  0    0  0   0  0  153  0  0   0  0  0  6    0  0  0  0 525   37   0  0  0   0  0  0  0  0  0    0  0  0    0   944   0  0   6791 0   0 0 0  0  0 
vs 0  29   0    0    120  0  0  0    0  0   0  0  40   0  0   0  0  0  2    0  0  0  0 137   13   0  0  0   0  0  0  0  0  0    0  0  2    0   159   0  0   317  614 0 0 0  0  0 
w  0  0    0    0    0    0  0  0    0  0   0  0  0    0  0   0  0  0  0    0  0  0  0 0     0    0  0  0   0  0  0  0  0  0    0  0  0    0   0     0  0   0    0   0 0 0  0  0 
z  0  0    0    0    0    0  0  0    0  0   0  0  0    0  0   0  0  0  0    0  0  0  0 0     0    0  0  0   0  0  0  0  0  0    0  0  0    0   0     0  0   0    0   0 0 0  0  0 
zm 0  2    0    0    1    0  0  0    0  0   0  0  0    0  0   0  0  0  0    0  0  0  0 48    0    0  0  0   0  0  0  0  0  0    0  0  0    0   8     0  0   0    0   0 0 0  0  0 
zp 0  0    0    0    0    0  0  0    0  0   0  0  0    0  0   0  0  0  0    0  0  0  0 78    3    0  0  0   0  0  0  0  0  0    0  0  0    0   1     0  0   0    0   0 0 0  0  0 
zu 0  0    0    0    0    0  0  0    0  0   0  0  0    0  0   0  0  0  0    0  0  0  0 0     0    0  0  0   0  0  0  0  0  0    0  0  0    0   0     0  0   0    0   0 0 0  0  0 